239.22736 78.45021 0001
239.22736 78.45021 0001
237.49133 78.56385 0001
236.47897 78.39951 0001
235.50058 78.38557 0001
231.79918 78.11893 0001
228.54396 77.65566 0001
229.56372 77.60974 0001
229.56372 77.60974 0001
239.22736 78.45021 0001
236.47897 78.39951 0001
239.22736 78.45021 0001
241.62926 78.55064 0001
243.22641 78.485504 0001
243.22641 78.485504 0001
245.61438 78.35971 0001
246.41985 78.34489 0001
246.41985 78.34489 0001
249.60562 78.00353 0001
251.59406 79.34397 0001
251.59406 79.34397 0001
258.3692 77.36969 0001
256.77722 77.51524 0001
256.383 79.21824 0001
256.383 79.21824 0001
261.5615 77.18526 0001
261.5615 77.18526 0001
262.36157 77.159485 0001
262.36157 77.159485 0001
262.76706 81.5836 0001
262.76706 81.5836 0001
262.76706 81.5836 0001
262.76706 81.5836 0001
268.31235 81.67369 0001
269.49557 81.4696 0001
259.5678 77.29103 0001
273.49197 81.35306 0001
278.65427 81.84383 0001
280.25928 81.97525 0001
279.45215 81.93445 0001
283.4706 78.60107 0001
281.45206 82.07277 0001
281.45206 82.07277 0001
279.45215 81.93445 0001
282.63403 82.21022 0001
282.63403 82.21022 0001
286.60696 82.693405 0001
289.7804 83.17099 0001
288.9705 83.09958 0001
290.5818 79.63808 0001
289.7804 83.17099 0001
298.5453 83.53682 0001
297.91824 85.65587 0001
296.90857 84.05342 0001
296.12488 83.90331 0001
296.12488 83.90331 0001
299.12064 81.597466 0001
294.74078 81.02457 0001
294.54077 83.765785 0001
295.5058 81.28772 0001
292.25528 79.62629 0001
292.25528 79.62629 0001
294.74078 81.02457 0001
295.5058 81.28772 0001
295.35968 80.31807 0001
294.74078 81.02457 0001
