113.55461 105.55403 0003
113.64413 102.62183 0003
169.84224 123.66867 0003
169.87805 122.48695 0003
169.87805 122.48695 0003
169.87805 122.48695 0003
169.87805 122.48695 0003
170.66457 110.505615 0003
169.87805 122.48695 0003
169.97035 120.51903 0003
169.97035 120.51903 0003
169.87805 122.48695 0003
170.78192 104.39864 0003
170.81999 103.218285 0003
170.81999 103.218285 0003
169.84224 123.66867 0003
170.7523 109.52455 0003
170.74431 107.55306 0003
169.87805 122.48695 0003
169.87805 122.48695 0003
169.84224 123.66867 0003
169.84224 123.66867 0003
169.84224 123.66867 0003
170.81999 103.218285 0003
170.8455 102.43089 0003
169.84224 123.66867 0003
169.84224 123.66867 0003
169.84224 123.66867 0003
169.84224 123.66867 0003
169.84224 123.66867 0003
169.87805 122.48695 0003
169.87805 122.48695 0003
169.87805 122.48695 0003
170.74431 107.55306 0003
170.74431 107.55306 0003
170.78192 104.39864 0003
169.87805 122.48695 0003
169.87805 122.48695 0003
169.84224 123.66867 0003
169.84224 123.66867 0003
169.84224 123.66867 0003
169.84224 123.66867 0003
169.84224 123.66867 0003
169.84224 123.66867 0003
169.84224 123.66867 0003
169.84224 123.66867 0003
169.84224 123.66867 0003
170.81999 103.218285 0003
170.81999 103.218285 0003
170.74431 107.55306 0003
170.81175 106.57237 0003
170.8455 102.43089 0003
170.81999 103.218285 0003
170.81999 103.218285 0003
170.81999 103.218285 0003
170.81999 103.218285 0003
170.71771 108.53853 0003
170.78192 104.39864 0003
170.78192 104.39864 0003
169.84224 123.66867 0003
170.57666 115.42042 0003
170.74431 107.55306 0003
169.87805 122.48695 0003
169.95439 121.307205 0003
169.84224 123.66867 0003
169.84224 123.66867 0003
169.84224 123.66867 0003
169.84224 123.66867 0003
169.80357 126.418686 0003
170.28926 125.64347 0003
169.80801 124.45507 0003
169.84224 123.66867 0003
169.84224 123.66867 0003
169.84224 123.66867 0003
169.84224 123.66867 0003
169.84224 123.66867 0003
189.58281 117.45896 0003
189.44508 116.57516 0003
169.5995 130.46867 0003
171.36818 142.38147 0003
170.23412 124.45729 0003
169.84224 123.66867 0003
169.84224 123.66867 0003
169.84224 123.66867 0003
169.84224 123.66867 0003
169.84224 123.66867 0003
169.84224 123.66867 0003
169.84224 123.66867 0003
170.7523 109.52455 0003
170.84535 100.46222 0003
170.81999 103.218285 0003
170.81999 103.218285 0003
169.87805 122.48695 0003
169.80801 124.45507 0003
169.84224 123.66867 0003
169.84224 123.66867 0003
169.84224 123.66867 0003
167.25941 142.53773 0003
170.83736 101.64305 0003
171.31465 102.46148 0003
169.84224 123.66867 0003
169.84224 123.66867 0003
169.84224 123.66867 0003
169.84224 123.66867 0003
170.81999 103.218285 0003
170.78192 104.39864 0003
170.90141 105.593414 0003
169.84224 123.66867 0003
169.87805 122.48695 0003
169.87805 122.48695 0003
170.29237 123.27856 0003
170.29237 123.27856 0003
181.32117 117.43292 0003
182.50067 117.50694 0003
184.40195 116.382904 0003
184.40195 116.382904 0003
195.34872 116.47168 0003
194.6853 117.16498 0003
194.56163 116.43251 0003
195.4468 115.77629 0003
197.70947 116.453705 0003
197.44116 117.07145 0003
201.34988 115.78873 0003
199.28448 116.436646 0003
198.59242 115.82252 0003
195.4468 115.77629 0003
195.4468 115.77629 0003
195.34872 116.47168 0003
200.5921 117.05147 0003
202.5614 117.11667 0003
207.28 117.20438 0003
207.28 117.20438 0003
207.28 117.20438 0003
205.71036 117.13582 0003
211.60446 117.35504 0003
211.60446 117.35504 0003
217.41951 117.274445 0003
220.54622 117.4625 0003
221.41837 115.91264 0003
215.61644 117.22223 0003
222.35487 113.35152 0003
222.35487 113.35152 0003
225.40038 114.491165 0003
222.16138 115.7068 0003
222.16138 115.7068 0003
222.43486 112.56658 0003
225.5092 115.54341 0003
223.60094 111.21047 0003
223.60094 111.21047 0003
225.40038 114.491165 0003
222.63052 111.80168 0003
225.40038 114.491165 0003
225.8835 108.043175 0003
225.8835 108.043175 0003
224.4111 107.4893 0003
225.86313 107.25403 0003
229.60141 108.91205 0003
225.84563 104.464935 0003
225.84563 104.464935 0003
225.69005 100.532585 0003
225.6037 98.565765 0003
225.6037 98.565765 0003
225.6037 98.565765 0003
225.6037 98.565765 0003
225.49374 96.51538 0003
225.49374 96.51538 0003
225.50026 94.62825 0003
225.50026 94.62825 0003
225.50026 94.62825 0003
225.62518 91.470894 0003
225.62518 91.470894 0003
225.56696 92.256615 0003
225.76195 89.50579 0003
225.78674 88.32741 0003
224.53384 85.55926 0003
224.91414 92.24669 0003
226.23956 86.77081 0003
226.23956 86.77081 0003
223.83392 74.53999 0003
224.3371 82.40896 0003
225.24811 80.52831 0003
224.29518 80.438866 0003
225.06035 77.408875 0003
227.4901 77.583954 0003
225.11147 76.22659 0003
223.57925 71.395996 0003
223.54749 70.212906 0003
223.42828 67.45825 0003
223.42828 67.45825 0003
223.42828 67.45825 0003
223.78143 54.458565 0003
223.85347 52.48911 0003
224.73602 62.453663 0003
224.73602 62.453663 0003
224.73602 62.453663 0003
224.30824 56.57248 0003
224.30824 56.57248 0003
224.2746 55.788887 0003
227.30063 57.49263 0003
223.74368 56.42707 0003
227.5021 53.555275 0003
223.78143 54.458565 0003
224.35081 54.607758 0003
224.35081 54.607758 0003
224.35081 54.607758 0003
227.59663 50.39808 0003
223.78143 54.458565 0003
223.78143 54.458565 0003
223.78143 54.458565 0003
224.70757 51.48228 0003
227.55188 51.582035 0003
227.59663 50.39808 0003
227.59663 50.39808 0003
227.59663 50.39808 0003
227.5021 53.555275 0003
235.52563 45.23803 0003
238.55002 45.263096 0003
240.37502 45.30164 0003
240.37502 45.30164 0003
240.37502 45.30164 0003
238.55002 45.263096 0003
241.54941 45.324947 0003
227.30063 57.49263 0003
240.37502 45.30164 0003
241.54941 45.324947 0003
246.67606 46.021496 0003
246.67606 46.021496 0003
254.43596 49.44741 0003
245.49983 45.924385 0003
252.54907 46.527554 0003
252.54907 46.527554 0003
252.54907 46.527554 0003
252.54907 46.527554 0003
252.54907 46.527554 0003
254.5065 48.40316 0003
254.43414 52.451683 0003
254.43414 52.451683 0003
254.58897 58.616547 0003
254.44255 59.5433 0003
253.97607 55.880787 0003
253.97607 55.880787 0003
253.97607 55.880787 0003
253.97607 55.880787 0003
253.97607 55.880787 0003
254.44255 59.5433 0003
254.66031 61.48973 0003
254.71988 63.46651 0003
254.66031 61.48973 0003
254.66031 61.48973 0003
254.71988 63.46651 0003
254.91388 67.51218 0003
255.11713 68.42219 0003
255.0727 70.403595 0003
254.86069 72.37533 0003
255.15115 75.24583 0003
248.2085 80.997894 0003
248.2085 80.997894 0003
247.41342 80.92708 0003
248.2085 80.997894 0003
247.3594 81.44572 0003
253.44684 85.45902 0003
253.30856 84.54908 0003
253.30856 84.54908 0003
253.27492 83.66652 0003
253.44684 85.45902 0003
255.51329 89.64785 0003
255.51329 89.64785 0003
255.51329 89.64785 0003
255.51329 89.64785 0003
256.5052 89.50175 0003
257.50388 89.43646 0003
260.44528 89.421265 0003
261.44263 89.391304 0003
265.38614 89.25001 0003
262.59253 89.316185 0003
265.38614 89.25001 0003
263.59903 89.29451 0003
265.38614 89.25001 0003
275.2745 89.52094 0003
275.54102 88.93556 0003
276.32794 88.82532 0003
277.50595 88.6875 0003
277.4342 87.181244 0003
277.4342 87.181244 0003
280.24066 88.388664 0003
280.24066 88.388664 0003
280.24066 88.388664 0003
280.24066 88.388664 0003
281.4219 88.25228 0003
281.4219 88.25228 0003
277.50595 88.6875 0003
277.50595 88.6875 0003
273.62628 89.286415 0003
272.4818 89.3491 0003
272.31805 87.41946 0003
274.62903 89.27525 0003
272.4818 89.3491 0003
272.31805 87.41946 0003
272.4818 89.3491 0003
272.4818 89.3491 0003
272.4818 89.3491 0003
266.53925 89.260254 0003
265.38614 89.25001 0003
263.67935 87.0271 0003
264.38507 89.27476 0003
265.38614 89.25001 0003
265.38614 89.25001 0003
261.44263 89.391304 0003
258.47098 89.460724 0003
256.5052 89.50175 0003
254.05373 92.4063 0003
254.1441 94.767456 0003
254.1441 94.767456 0003
255.51329 89.64785 0003
254.25383 96.33857 0003
253.81807 97.524864 0003
253.79623 98.52892 0003
253.81807 97.524864 0003
253.8126 99.49629 0003
253.76302 102.472565 0003
253.644 104.57551 0003
253.39644 107.47276 0003
247.42891 109.80621 0003
247.42891 109.80621 0003
248.88432 111.176704 0003
245.4475 110.82988 0003
247.8793 111.72599 0003
249.11578 113.5406 0003
249.11578 113.5406 0003
249.02742 114.51682 0003
248.57239 116.344795 0003
248.57239 116.344795 0003
248.57239 116.344795 0003
248.45834 120.50132 0003
248.6981 118.5473 0003
249.04259 116.68367 0003
249.04259 116.68367 0003
248.6425 117.50986 0003
247.60715 121.88866 0003
248.29132 121.47446 0003
245.37994 122.55817 0003
245.37994 122.55817 0003
243.51187 122.53123 0003
243.51187 122.53123 0003
243.51187 122.53123 0003
242.40593 122.59552 0003
235.45363 122.49283 0003
236.56163 122.483925 0003
236.56163 122.483925 0003
234.37643 122.481895 0003
234.37643 122.481895 0003
228.4865 122.48993 0003
226.5154 121.42832 0003
222.05342 116.57102 0003
218.43257 117.399536 0003
217.48584 115.94649 0003
217.48584 115.94649 0003
169.84224 123.66867 0003
169.87805 122.48695 0003
169.87805 122.48695 0003
169.87805 122.48695 0003
169.87805 122.48695 0003
170.66457 110.505615 0003
169.87805 122.48695 0003
169.97035 120.51903 0003
169.97035 120.51903 0003
169.87805 122.48695 0003
170.78192 104.39864 0003
170.81999 103.218285 0003
170.81999 103.218285 0003
169.84224 123.66867 0003
170.7523 109.52455 0003
170.74431 107.55306 0003
169.87805 122.48695 0003
169.87805 122.48695 0003
169.84224 123.66867 0003
169.84224 123.66867 0003
169.84224 123.66867 0003
170.81999 103.218285 0003
170.8455 102.43089 0003
169.84224 123.66867 0003
169.84224 123.66867 0003
169.84224 123.66867 0003
169.84224 123.66867 0003
169.84224 123.66867 0003
169.87805 122.48695 0003
169.87805 122.48695 0003
169.87805 122.48695 0003
170.74431 107.55306 0003
170.74431 107.55306 0003
170.78192 104.39864 0003
169.87805 122.48695 0003
169.87805 122.48695 0003
169.84224 123.66867 0003
169.84224 123.66867 0003
169.84224 123.66867 0003
169.84224 123.66867 0003
169.84224 123.66867 0003
169.84224 123.66867 0003
169.84224 123.66867 0003
169.84224 123.66867 0003
169.84224 123.66867 0003
170.81999 103.218285 0003
170.81999 103.218285 0003
170.74431 107.55306 0003
170.81175 106.57237 0003
170.8455 102.43089 0003
170.81999 103.218285 0003
170.81999 103.218285 0003
170.81999 103.218285 0003
170.81999 103.218285 0003
170.71771 108.53853 0003
170.78192 104.39864 0003
170.78192 104.39864 0003
169.84224 123.66867 0003
170.57666 115.42042 0003
170.74431 107.55306 0003
169.87805 122.48695 0003
169.95439 121.307205 0003
169.84224 123.66867 0003
169.84224 123.66867 0003
169.84224 123.66867 0003
169.84224 123.66867 0003
169.80357 126.418686 0003
170.28926 125.64347 0003
169.80801 124.45507 0003
169.84224 123.66867 0003
169.84224 123.66867 0003
169.84224 123.66867 0003
169.84224 123.66867 0003
169.84224 123.66867 0003
189.58281 117.45896 0003
189.44508 116.57516 0003
169.5995 130.46867 0003
171.36818 142.38147 0003
170.23412 124.45729 0003
169.84224 123.66867 0003
169.84224 123.66867 0003
169.84224 123.66867 0003
169.84224 123.66867 0003
169.84224 123.66867 0003
169.84224 123.66867 0003
169.84224 123.66867 0003
170.7523 109.52455 0003
170.84535 100.46222 0003
170.81999 103.218285 0003
170.81999 103.218285 0003
169.87805 122.48695 0003
169.80801 124.45507 0003
169.84224 123.66867 0003
169.84224 123.66867 0003
169.84224 123.66867 0003
167.25941 142.53773 0003
170.83736 101.64305 0003
171.31465 102.46148 0003
169.84224 123.66867 0003
169.84224 123.66867 0003
169.84224 123.66867 0003
169.84224 123.66867 0003
170.81999 103.218285 0003
170.78192 104.39864 0003
170.90141 105.593414 0003
169.84224 123.66867 0003
169.87805 122.48695 0003
169.87805 122.48695 0003
170.29237 123.27856 0003
170.29237 123.27856 0003
181.32117 117.43292 0003
182.50067 117.50694 0003
184.40195 116.382904 0003
184.40195 116.382904 0003
195.34872 116.47168 0003
194.6853 117.16498 0003
194.56163 116.43251 0003
195.4468 115.77629 0003
197.70947 116.453705 0003
197.44116 117.07145 0003
201.34988 115.78873 0003
199.28448 116.436646 0003
198.59242 115.82252 0003
195.4468 115.77629 0003
195.4468 115.77629 0003
195.34872 116.47168 0003
200.5921 117.05147 0003
202.5614 117.11667 0003
207.28 117.20438 0003
207.28 117.20438 0003
207.28 117.20438 0003
205.71036 117.13582 0003
211.60446 117.35504 0003
211.60446 117.35504 0003
217.41951 117.274445 0003
220.54622 117.4625 0003
221.41837 115.91264 0003
215.61644 117.22223 0003
222.35487 113.35152 0003
222.35487 113.35152 0003
225.40038 114.491165 0003
222.16138 115.7068 0003
222.16138 115.7068 0003
222.43486 112.56658 0003
225.5092 115.54341 0003
223.60094 111.21047 0003
223.60094 111.21047 0003
225.40038 114.491165 0003
222.63052 111.80168 0003
225.40038 114.491165 0003
225.8835 108.043175 0003
225.8835 108.043175 0003
224.4111 107.4893 0003
225.86313 107.25403 0003
229.60141 108.91205 0003
225.84563 104.464935 0003
225.84563 104.464935 0003
225.69005 100.532585 0003
225.6037 98.565765 0003
225.6037 98.565765 0003
225.6037 98.565765 0003
225.6037 98.565765 0003
225.49374 96.51538 0003
225.49374 96.51538 0003
225.50026 94.62825 0003
225.50026 94.62825 0003
225.50026 94.62825 0003
225.62518 91.470894 0003
225.62518 91.470894 0003
225.56696 92.256615 0003
225.76195 89.50579 0003
225.78674 88.32741 0003
224.53384 85.55926 0003
224.91414 92.24669 0003
226.23956 86.77081 0003
226.23956 86.77081 0003
223.83392 74.53999 0003
224.3371 82.40896 0003
225.24811 80.52831 0003
224.29518 80.438866 0003
225.06035 77.408875 0003
227.4901 77.583954 0003
225.11147 76.22659 0003
223.57925 71.395996 0003
223.54749 70.212906 0003
223.42828 67.45825 0003
223.42828 67.45825 0003
223.42828 67.45825 0003
223.78143 54.458565 0003
223.85347 52.48911 0003
224.73602 62.453663 0003
224.73602 62.453663 0003
224.73602 62.453663 0003
224.30824 56.57248 0003
224.30824 56.57248 0003
224.2746 55.788887 0003
227.30063 57.49263 0003
223.74368 56.42707 0003
227.5021 53.555275 0003
223.78143 54.458565 0003
224.35081 54.607758 0003
224.35081 54.607758 0003
224.35081 54.607758 0003
227.59663 50.39808 0003
223.78143 54.458565 0003
223.78143 54.458565 0003
223.78143 54.458565 0003
224.70757 51.48228 0003
227.55188 51.582035 0003
227.59663 50.39808 0003
227.59663 50.39808 0003
227.59663 50.39808 0003
227.5021 53.555275 0003
235.52563 45.23803 0003
238.55002 45.263096 0003
240.37502 45.30164 0003
240.37502 45.30164 0003
240.37502 45.30164 0003
238.55002 45.263096 0003
241.54941 45.324947 0003
227.30063 57.49263 0003
240.37502 45.30164 0003
241.54941 45.324947 0003
246.67606 46.021496 0003
246.67606 46.021496 0003
254.43596 49.44741 0003
245.49983 45.924385 0003
252.54907 46.527554 0003
252.54907 46.527554 0003
252.54907 46.527554 0003
252.54907 46.527554 0003
252.54907 46.527554 0003
254.5065 48.40316 0003
254.43414 52.451683 0003
254.43414 52.451683 0003
254.58897 58.616547 0003
254.44255 59.5433 0003
253.97607 55.880787 0003
253.97607 55.880787 0003
253.97607 55.880787 0003
253.97607 55.880787 0003
253.97607 55.880787 0003
254.44255 59.5433 0003
254.66031 61.48973 0003
254.71988 63.46651 0003
254.66031 61.48973 0003
254.66031 61.48973 0003
254.71988 63.46651 0003
254.91388 67.51218 0003
255.11713 68.42219 0003
255.0727 70.403595 0003
254.86069 72.37533 0003
255.15115 75.24583 0003
248.2085 80.997894 0003
248.2085 80.997894 0003
247.41342 80.92708 0003
248.2085 80.997894 0003
247.3594 81.44572 0003
253.44684 85.45902 0003
253.30856 84.54908 0003
253.30856 84.54908 0003
253.27492 83.66652 0003
253.44684 85.45902 0003
255.51329 89.64785 0003
255.51329 89.64785 0003
255.51329 89.64785 0003
255.51329 89.64785 0003
256.5052 89.50175 0003
257.50388 89.43646 0003
260.44528 89.421265 0003
261.44263 89.391304 0003
265.38614 89.25001 0003
262.59253 89.316185 0003
265.38614 89.25001 0003
263.59903 89.29451 0003
265.38614 89.25001 0003
275.2745 89.52094 0003
275.54102 88.93556 0003
276.32794 88.82532 0003
277.50595 88.6875 0003
277.4342 87.181244 0003
277.4342 87.181244 0003
280.24066 88.388664 0003
280.24066 88.388664 0003
280.24066 88.388664 0003
280.24066 88.388664 0003
281.4219 88.25228 0003
281.4219 88.25228 0003
277.50595 88.6875 0003
277.50595 88.6875 0003
273.62628 89.286415 0003
272.4818 89.3491 0003
272.31805 87.41946 0003
274.62903 89.27525 0003
272.4818 89.3491 0003
272.31805 87.41946 0003
272.4818 89.3491 0003
272.4818 89.3491 0003
272.4818 89.3491 0003
266.53925 89.260254 0003
265.38614 89.25001 0003
263.67935 87.0271 0003
264.38507 89.27476 0003
265.38614 89.25001 0003
265.38614 89.25001 0003
261.44263 89.391304 0003
258.47098 89.460724 0003
256.5052 89.50175 0003
254.05373 92.4063 0003
254.1441 94.767456 0003
254.1441 94.767456 0003
255.51329 89.64785 0003
254.25383 96.33857 0003
253.81807 97.524864 0003
253.79623 98.52892 0003
253.81807 97.524864 0003
253.8126 99.49629 0003
253.76302 102.472565 0003
253.644 104.57551 0003
253.39644 107.47276 0003
247.42891 109.80621 0003
247.42891 109.80621 0003
248.88432 111.176704 0003
245.4475 110.82988 0003
247.8793 111.72599 0003
249.11578 113.5406 0003
249.11578 113.5406 0003
249.02742 114.51682 0003
248.57239 116.344795 0003
248.57239 116.344795 0003
248.57239 116.344795 0003
248.45834 120.50132 0003
248.6981 118.5473 0003
249.04259 116.68367 0003
249.04259 116.68367 0003
248.6425 117.50986 0003
247.60715 121.88866 0003
248.29132 121.47446 0003
245.37994 122.55817 0003
245.37994 122.55817 0003
243.51187 122.53123 0003
243.51187 122.53123 0003
243.51187 122.53123 0003
242.40593 122.59552 0003
235.45363 122.49283 0003
236.56163 122.483925 0003
236.56163 122.483925 0003
234.37643 122.481895 0003
234.37643 122.481895 0003
228.4865 122.48993 0003
226.5154 121.42832 0003
222.05342 116.57102 0003
218.43257 117.399536 0003
217.48584 115.94649 0003
217.48584 115.94649 0003
182.50067 117.50694 0003
186.43584 117.54876 0003
178.43196 116.252754 0003
173.59995 103.41904 0003
169.97035 120.51903 0003
169.95439 121.307205 0003
169.84224 123.66867 0003
169.95439 121.307205 0003
170.6101 111.48734 0003
170.70096 112.47327 0003
169.96367 118.94294 0003
170.83736 101.64305 0003
170.3263 122.49184 0003
170.29237 123.27856 0003
170.23412 124.45729 0003
170.23412 124.45729 0003
170.08992 127.5997 0003
170.08992 127.5997 0003
170.28926 125.64347 0003
170.28926 125.64347 0003
170.1936 126.42479 0003
169.88535 125.43415 0003
170.29237 123.27856 0003
170.23412 124.45729 0003
170.28926 125.64347 0003
170.23412 124.45729 0003
170.29237 123.27856 0003
170.23412 124.45729 0003
170.1936 126.42479 0003
169.5995 130.46867 0003
169.2106 133.46735 0003
168.92445 136.2256 0003
168.92445 136.2256 0003
168.74654 138.54208 0003
170.4753 141.73128 0003
170.4753 141.73128 0003
168.56154 139.58124 0003
169.56256 144.41557 0003
168.56154 139.58124 0003
168.56154 139.58124 0003
168.49744 146.66563 0003
168.49744 146.66563 0003
165.59433 141.5263 0003
165.59433 141.5263 0003
164.483 142.73152 0003
162.43309 142.5359 0003
162.43309 142.5359 0003
158.48883 142.27705 0003
168.49744 146.66563 0003
157.5757 142.24164 0003
150.63837 142.07857 0003
150.45996 141.51428 0003
148.60045 141.49826 0003
148.423 142.0128 0003
148.423 142.0128 0003
148.423 142.0128 0003
143.62418 142.0641 0003
143.62418 142.0641 0003
143.62418 142.0641 0003
143.62418 142.0641 0003
141.26213 142.08694 0003
139.42639 154.35199 0003
139.68707 142.04752 0003
137.46298 154.22496 0003
139.68707 142.04752 0003
138.50697 142.02933 0003
131.5599 153.73578 0003
129.4412 153.675 0003
130.41866 154.23541 0003
121.273926 148.35548 0003
120.470695 144.55663 0003
120.470695 144.55663 0003
118.90712 142.57219 0003
118.90712 142.57219 0003
122.67032 142.01727 0003
124.241684 142.08987 0003
122.67032 142.01727 0003
122.67032 142.01727 0003
124.549126 140.6754 0003
122.67032 142.01727 0003
122.67032 142.01727 0003
118.67052 141.41579 0003
118.0487 138.33197 0003
118.696335 135.54951 0003
117.32687 134.47723 0003
118.15587 133.46208 0003
118.15587 133.46208 0003
117.709625 132.41098 0003
117.12166 133.71794 0003
114.88075 126.1871 0003
116.4474 127.41061 0003
116.4474 127.41061 0003
182.50067 117.50694 0003
186.43584 117.54876 0003
178.43196 116.252754 0003
173.59995 103.41904 0003
169.97035 120.51903 0003
169.95439 121.307205 0003
169.84224 123.66867 0003
169.95439 121.307205 0003
170.6101 111.48734 0003
170.70096 112.47327 0003
169.96367 118.94294 0003
170.83736 101.64305 0003
170.3263 122.49184 0003
170.29237 123.27856 0003
170.23412 124.45729 0003
170.23412 124.45729 0003
170.08992 127.5997 0003
170.08992 127.5997 0003
170.28926 125.64347 0003
170.28926 125.64347 0003
170.1936 126.42479 0003
169.88535 125.43415 0003
170.29237 123.27856 0003
170.23412 124.45729 0003
170.28926 125.64347 0003
170.23412 124.45729 0003
170.29237 123.27856 0003
170.23412 124.45729 0003
170.1936 126.42479 0003
169.5995 130.46867 0003
169.2106 133.46735 0003
168.92445 136.2256 0003
168.92445 136.2256 0003
168.74654 138.54208 0003
170.4753 141.73128 0003
170.4753 141.73128 0003
168.56154 139.58124 0003
169.56256 144.41557 0003
168.56154 139.58124 0003
168.56154 139.58124 0003
168.49744 146.66563 0003
168.49744 146.66563 0003
165.59433 141.5263 0003
165.59433 141.5263 0003
164.483 142.73152 0003
162.43309 142.5359 0003
162.43309 142.5359 0003
158.48883 142.27705 0003
168.49744 146.66563 0003
157.5757 142.24164 0003
150.63837 142.07857 0003
150.45996 141.51428 0003
148.60045 141.49826 0003
148.423 142.0128 0003
148.423 142.0128 0003
148.423 142.0128 0003
143.62418 142.0641 0003
143.62418 142.0641 0003
143.62418 142.0641 0003
143.62418 142.0641 0003
141.26213 142.08694 0003
139.42639 154.35199 0003
139.68707 142.04752 0003
137.46298 154.22496 0003
139.68707 142.04752 0003
138.50697 142.02933 0003
131.5599 153.73578 0003
129.4412 153.675 0003
130.41866 154.23541 0003
121.273926 148.35548 0003
120.470695 144.55663 0003
120.470695 144.55663 0003
118.90712 142.57219 0003
118.90712 142.57219 0003
122.67032 142.01727 0003
124.241684 142.08987 0003
122.67032 142.01727 0003
122.67032 142.01727 0003
124.549126 140.6754 0003
122.67032 142.01727 0003
122.67032 142.01727 0003
118.67052 141.41579 0003
118.0487 138.33197 0003
118.696335 135.54951 0003
117.32687 134.47723 0003
118.15587 133.46208 0003
118.15587 133.46208 0003
117.709625 132.41098 0003
117.12166 133.71794 0003
114.88075 126.1871 0003
116.4474 127.41061 0003
116.4474 127.41061 0003
112.351524 107.466866 0003
114.6897 93.505585 0003
113.735245 93.464455 0003
115.43213 91.412094 0003
112.31301 103.53663 0003
115.43213 91.412094 0003
114.6897 93.505585 0003
114.40095 94.51376 0003
114.40095 94.51376 0003
115.99443 88.450775 0003
117.56932 85.72736 0003
118.54537 84.66131 0003
117.56932 85.72736 0003
121.13958 83.15453 0003
125.56422 81.67204 0003
124.39497 80.6176 0003
168.56154 139.58124 0003
168.74654 138.54208 0003
168.92445 136.2256 0003
168.74654 138.54208 0003
168.92445 136.2256 0003
168.92445 136.2256 0003
168.74654 138.54208 0003
168.74654 138.54208 0003
168.92445 136.2256 0003
168.74654 138.54208 0003
169.35799 132.55246 0003
169.50954 131.50888 0003
169.5995 130.46867 0003
170.28926 125.64347 0003
170.1936 126.42479 0003
169.78876 127.593666 0003
169.7711 128.64166 0003
170.1936 126.42479 0003
170.28926 125.64347 0003
170.29237 123.27856 0003
170.29237 123.27856 0003
170.28926 125.64347 0003
169.87805 122.48695 0003
169.84224 123.66867 0003
170.57666 115.42042 0003
170.57666 115.42042 0003
170.57666 115.42042 0003
170.76839 114.509224 0003
170.57666 115.42042 0003
174.64186 111.61929 0003
169.84224 123.66867 0003
170.23412 124.45729 0003
169.80357 126.418686 0003
170.23412 124.45729 0003
179.75426 117.300674 0003
182.61426 116.5363 0003
183.40056 116.49095 0003
188.40448 117.54169 0003
188.40448 117.54169 0003
191.41177 116.53549 0003
192.5926 116.49954 0003
194.6853 117.16498 0003
196.26099 117.13643 0003
198.49753 116.450516 0003
200.46597 116.45401 0003
200.5921 117.05147 0003
200.46597 116.45401 0003
199.28448 116.436646 0003
200.5608 115.78922 0003
200.46597 116.45401 0003
200.46597 116.45401 0003
207.54918 116.463326 0003
207.28 117.20438 0003
209.63916 117.288315 0003
208.43713 115.89196 0003
207.64954 115.893715 0003
207.64954 115.893715 0003
214.51788 117.12209 0003
213.94165 115.987335 0003
222.43486 112.56658 0003
217.48584 115.94649 0003
220.54622 117.4625 0003
220.54622 117.4625 0003
222.05342 116.57102 0003
221.51004 117.36944 0003
230.45335 122.437805 0003
225.30614 120.4601 0003
226.13815 120.31655 0003
226.5154 121.42832 0003
225.5092 115.54341 0003
222.35487 113.35152 0003
222.35487 113.35152 0003
225.22392 113.35076 0003
225.56177 116.47323 0003
222.35487 113.35152 0003
224.74701 111.35507 0003
224.62129 110.23303 0003
227.37462 110.62248 0003
227.37462 110.62248 0003
224.4083 101.60255 0003
224.4083 101.60255 0003
224.41423 100.425735 0003
224.41678 99.24707 0003
224.46747 97.679794 0003
225.43225 93.49104 0003
225.50026 94.62825 0003
225.50026 94.62825 0003
225.48656 95.41503 0003
225.50026 94.62825 0003
225.48656 95.41503 0003
225.43225 93.49104 0003
225.43225 93.49104 0003
225.43225 93.49104 0003
225.56696 92.256615 0003
232.47922 82.47941 0003
226.23956 86.77081 0003
226.23956 86.77081 0003
226.23956 86.77081 0003
226.23956 86.77081 0003
225.85988 85.707825 0003
224.39778 83.591255 0003
224.48392 84.37882 0003
225.89691 83.61833 0003
223.72261 73.35994 0003
223.95726 76.509865 0003
224.11902 78.47891 0003
223.95726 76.509865 0003
223.9067 75.72145 0003
223.57925 71.395996 0003
223.54749 70.212906 0003
223.63327 72.578316 0003
223.48341 68.639114 0003
223.42828 67.45825 0003
223.42828 67.45825 0003
223.41663 64.69641 0003
223.5103 61.54035 0003
227.22864 60.250355 0003
224.35081 54.607758 0003
227.31403 56.311207 0003
224.47522 59.712433 0003
227.28415 58.674553 0003
227.22864 60.250355 0003
227.14638 61.4317 0003
227.41232 54.738823 0003
224.35081 54.607758 0003
224.35081 54.607758 0003
227.41232 54.738823 0003
227.40652 55.524788 0003
224.2746 55.788887 0003
223.74799 55.242985 0003
223.78546 53.66589 0003
223.78546 53.66589 0003
223.78546 53.66589 0003
224.35081 54.607758 0003
224.35081 54.607758 0003
227.41232 54.738823 0003
238.55002 45.263096 0003
227.41232 54.738823 0003
240.37502 45.30164 0003
240.37502 45.30164 0003
240.37502 45.30164 0003
240.37502 45.30164 0003
241.54941 45.324947 0003
241.54941 45.324947 0003
240.37502 45.30164 0003
241.54941 45.324947 0003
241.54941 45.324947 0003
245.49983 45.924385 0003
245.49983 45.924385 0003
252.54907 46.527554 0003
252.54907 46.527554 0003
252.54907 46.527554 0003
252.54907 46.527554 0003
252.54907 46.527554 0003
254.5065 48.40316 0003
254.43596 49.44741 0003
254.41223 56.48913 0003
253.93619 57.45683 0003
253.91689 58.24889 0003
253.9046 56.666878 0003
227.30063 57.49263 0003
254.41223 56.48913 0003
254.6009 60.462032 0003
254.59174 62.553844 0003
254.66031 61.48973 0003
253.98201 59.03325 0003
254.66031 61.48973 0003
255.0727 70.403595 0003
254.59174 62.553844 0003
255.11713 68.42219 0003
255.11713 68.42219 0003
255.1849 67.52628 0003
254.99939 69.72498 0003
254.99939 69.72498 0003
254.59555 76.42335 0003
254.59555 76.42335 0003
254.37419 77.408165 0003
245.45233 80.86359 0003
247.47224 83.35507 0003
248.65689 83.38434 0003
248.2085 80.997894 0003
254.69907 82.48427 0003
254.69907 82.48427 0003
254.53307 84.44839 0003
252.66531 83.275024 0003
254.1441 94.767456 0003
257.50388 89.43646 0003
254.05373 92.4063 0003
254.05373 92.4063 0003
254.05373 92.4063 0003
254.09125 93.58725 0003
254.1441 94.767456 0003
254.09125 93.58725 0003
253.87308 95.376366 0003
253.87308 95.376366 0003
253.81807 97.524864 0003
254.40997 98.698166 0003
254.35522 100.271774 0003
254.20819 101.44464 0003
253.76999 103.5574 0003
253.76999 103.5574 0003
253.59563 106.42884 0003
253.39644 107.47276 0003
251.59529 110.4615 0003
249.37895 110.14557 0003
249.37895 110.14557 0003
249.37895 110.14557 0003
251.47267 109.52125 0003
249.24612 112.37125 0003
253.39644 107.47276 0003
253.59563 106.42884 0003
240.23094 108.546295 0003
240.23094 108.546295 0003
238.65639 108.60062 0003
238.65639 108.60062 0003
232.35178 108.778336 0003
232.62778 111.41518 0003
233.64331 110.5797 0003
233.64331 110.5797 0003
232.59483 112.33753 0003
228.29382 112.78607 0003
226.64352 111.21179 0003
224.62129 110.23303 0003
222.63052 111.80168 0003
225.86313 107.25403 0003
222.63052 111.80168 0003
222.63052 111.80168 0003
222.43486 112.56658 0003
219.45213 115.96812 0003
219.53651 117.375786 0003
215.5171 116.00493 0003
221.51004 117.36944 0003
221.51004 117.36944 0003
215.5171 116.00493 0003
210.40077 115.93585 0003
210.40077 115.93585 0003
207.54918 116.463326 0003
207.54918 116.463326 0003
204.52884 117.14818 0003
204.52884 117.14818 0003
202.5614 117.11667 0003
202.5614 117.11667 0003
200.5921 117.05147 0003
197.41376 115.84278 0003
198.59242 115.82252 0003
197.41376 115.84278 0003
195.4468 115.77629 0003
194.26845 115.746826 0003
194.56163 116.43251 0003
195.4468 115.77629 0003
194.26845 115.746826 0003
198.59242 115.82252 0003
198.59242 115.82252 0003
198.59242 115.82252 0003
193.48154 115.73375 0003
184.40195 116.382904 0003
184.40195 116.382904 0003
188.76738 115.97868 0003
184.40195 116.382904 0003
184.40195 116.382904 0003
184.40195 116.382904 0003
184.40195 116.382904 0003
183.40056 116.49095 0003
175.59195 115.73104 0003
173.56624 116.37155 0003
170.28926 125.64347 0003
170.23412 124.45729 0003
169.87805 122.48695 0003
169.87805 122.48695 0003
170.78192 104.39864 0003
170.76839 114.509224 0003
173.56624 116.37155 0003
169.84224 123.66867 0003
170.83736 101.64305 0003
170.84535 100.46222 0003
169.84224 123.66867 0003
170.92471 98.49701 0003
170.81999 103.218285 0003
170.78192 104.39864 0003
170.81999 103.218285 0003
170.78192 104.39864 0003
170.78192 104.39864 0003
170.83736 101.64305 0003
170.84535 100.46222 0003
170.99893 93.78177 0003
170.99893 93.78177 0003
170.99893 93.78177 0003
170.9772 90.63859 0003
171.20067 92.61474 0003
171.20067 92.61474 0003
171.20067 92.61474 0003
170.45107 84.33495 0003
170.45107 84.33495 0003
170.22969 83.55942 0003
169.25461 85.71179 0003
167.3023 82.597534 0003
167.3023 82.597534 0003
167.3023 82.597534 0003
167.3023 82.597534 0003
167.3023 82.597534 0003
163.33643 82.583435 0003
156.45757 82.38309 0003
158.63318 82.45156 0003
161.59822 82.51012 0003
156.45757 82.38309 0003
156.45757 82.38309 0003
155.49147 82.47278 0003
155.49147 82.47278 0003
152.34721 82.4223 0003
155.49147 82.47278 0003
152.34721 82.4223 0003
152.34721 82.4223 0003
152.34721 82.4223 0003
152.34721 82.4223 0003
152.34721 82.4223 0003
147.62694 82.43625 0003
139.7026 81.944466 0003
139.7026 81.944466 0003
141.27663 81.970726 0003
141.27663 81.970726 0003
136.5564 81.87429 0003
137.3404 81.95974 0003
141.27663 81.970726 0003
141.27663 81.970726 0003
136.5564 81.87429 0003
136.5564 81.87429 0003
134.3765 81.85433 0003
133.39394 81.79865 0003
133.39394 81.79865 0003
127.52742 80.68111 0003
124.39497 80.6176 0003
124.39497 80.6176 0003
125.56662 80.4941 0003
125.56662 80.4941 0003
125.56662 80.4941 0003
124.39497 80.6176 0003
126.35347 80.55763 0003
118.982956 83.83568 0003
118.982956 83.83568 0003
121.66433 82.53196 0003
121.964554 81.85658 0003
120.641014 82.76001 0003
117.50449 86.48735 0003
117.56932 85.72736 0003
117.56932 85.72736 0003
113.9922 92.719635 0003
114.39216 91.60759 0003
112.35381 102.75255 0003
112.43419 101.57587 0003
112.93204 97.312096 0003
112.43419 101.57587 0003
112.31301 103.53663 0003
112.31301 103.53663 0003
112.31301 103.53663 0003
112.31301 103.53663 0003
168.56154 139.58124 0003
168.74654 138.54208 0003
168.92445 136.2256 0003
168.74654 138.54208 0003
168.92445 136.2256 0003
168.92445 136.2256 0003
168.74654 138.54208 0003
168.74654 138.54208 0003
168.92445 136.2256 0003
168.74654 138.54208 0003
169.35799 132.55246 0003
169.50954 131.50888 0003
169.5995 130.46867 0003
170.28926 125.64347 0003
170.1936 126.42479 0003
169.78876 127.593666 0003
169.7711 128.64166 0003
170.1936 126.42479 0003
170.28926 125.64347 0003
170.29237 123.27856 0003
170.29237 123.27856 0003
170.28926 125.64347 0003
169.87805 122.48695 0003
169.84224 123.66867 0003
170.57666 115.42042 0003
170.57666 115.42042 0003
170.57666 115.42042 0003
170.76839 114.509224 0003
170.57666 115.42042 0003
174.64186 111.61929 0003
169.84224 123.66867 0003
170.23412 124.45729 0003
169.80357 126.418686 0003
170.23412 124.45729 0003
179.75426 117.300674 0003
182.61426 116.5363 0003
183.40056 116.49095 0003
188.40448 117.54169 0003
188.40448 117.54169 0003
191.41177 116.53549 0003
192.5926 116.49954 0003
194.6853 117.16498 0003
196.26099 117.13643 0003
198.49753 116.450516 0003
200.46597 116.45401 0003
200.5921 117.05147 0003
200.46597 116.45401 0003
199.28448 116.436646 0003
200.5608 115.78922 0003
200.46597 116.45401 0003
200.46597 116.45401 0003
207.54918 116.463326 0003
207.28 117.20438 0003
209.63916 117.288315 0003
208.43713 115.89196 0003
207.64954 115.893715 0003
207.64954 115.893715 0003
214.51788 117.12209 0003
213.94165 115.987335 0003
222.43486 112.56658 0003
217.48584 115.94649 0003
220.54622 117.4625 0003
220.54622 117.4625 0003
222.05342 116.57102 0003
221.51004 117.36944 0003
230.45335 122.437805 0003
225.30614 120.4601 0003
226.13815 120.31655 0003
226.5154 121.42832 0003
225.5092 115.54341 0003
222.35487 113.35152 0003
222.35487 113.35152 0003
225.22392 113.35076 0003
225.56177 116.47323 0003
222.35487 113.35152 0003
224.74701 111.35507 0003
224.62129 110.23303 0003
227.37462 110.62248 0003
227.37462 110.62248 0003
224.4083 101.60255 0003
224.4083 101.60255 0003
224.41423 100.425735 0003
224.41678 99.24707 0003
224.46747 97.679794 0003
225.43225 93.49104 0003
225.50026 94.62825 0003
225.50026 94.62825 0003
225.48656 95.41503 0003
225.50026 94.62825 0003
225.48656 95.41503 0003
225.43225 93.49104 0003
225.43225 93.49104 0003
225.43225 93.49104 0003
225.56696 92.256615 0003
232.47922 82.47941 0003
226.23956 86.77081 0003
226.23956 86.77081 0003
226.23956 86.77081 0003
226.23956 86.77081 0003
225.85988 85.707825 0003
224.39778 83.591255 0003
224.48392 84.37882 0003
225.89691 83.61833 0003
223.72261 73.35994 0003
223.95726 76.509865 0003
224.11902 78.47891 0003
223.95726 76.509865 0003
223.9067 75.72145 0003
223.57925 71.395996 0003
223.54749 70.212906 0003
223.63327 72.578316 0003
223.48341 68.639114 0003
223.42828 67.45825 0003
223.42828 67.45825 0003
223.41663 64.69641 0003
223.5103 61.54035 0003
227.22864 60.250355 0003
224.35081 54.607758 0003
227.31403 56.311207 0003
224.47522 59.712433 0003
227.28415 58.674553 0003
227.22864 60.250355 0003
227.14638 61.4317 0003
227.41232 54.738823 0003
224.35081 54.607758 0003
224.35081 54.607758 0003
227.41232 54.738823 0003
227.40652 55.524788 0003
224.2746 55.788887 0003
223.74799 55.242985 0003
223.78546 53.66589 0003
223.78546 53.66589 0003
223.78546 53.66589 0003
224.35081 54.607758 0003
224.35081 54.607758 0003
227.41232 54.738823 0003
238.55002 45.263096 0003
227.41232 54.738823 0003
240.37502 45.30164 0003
240.37502 45.30164 0003
240.37502 45.30164 0003
240.37502 45.30164 0003
241.54941 45.324947 0003
241.54941 45.324947 0003
240.37502 45.30164 0003
241.54941 45.324947 0003
241.54941 45.324947 0003
245.49983 45.924385 0003
245.49983 45.924385 0003
252.54907 46.527554 0003
252.54907 46.527554 0003
252.54907 46.527554 0003
252.54907 46.527554 0003
252.54907 46.527554 0003
254.5065 48.40316 0003
254.43596 49.44741 0003
254.41223 56.48913 0003
253.93619 57.45683 0003
253.91689 58.24889 0003
253.9046 56.666878 0003
227.30063 57.49263 0003
254.41223 56.48913 0003
254.6009 60.462032 0003
254.59174 62.553844 0003
254.66031 61.48973 0003
253.98201 59.03325 0003
254.66031 61.48973 0003
255.0727 70.403595 0003
254.59174 62.553844 0003
255.11713 68.42219 0003
255.11713 68.42219 0003
255.1849 67.52628 0003
254.99939 69.72498 0003
254.99939 69.72498 0003
254.59555 76.42335 0003
254.59555 76.42335 0003
254.37419 77.408165 0003
245.45233 80.86359 0003
247.47224 83.35507 0003
248.65689 83.38434 0003
248.2085 80.997894 0003
254.69907 82.48427 0003
254.69907 82.48427 0003
254.53307 84.44839 0003
252.66531 83.275024 0003
254.1441 94.767456 0003
257.50388 89.43646 0003
254.05373 92.4063 0003
254.05373 92.4063 0003
254.05373 92.4063 0003
254.09125 93.58725 0003
254.1441 94.767456 0003
254.09125 93.58725 0003
253.87308 95.376366 0003
253.87308 95.376366 0003
253.81807 97.524864 0003
254.40997 98.698166 0003
254.35522 100.271774 0003
254.20819 101.44464 0003
253.76999 103.5574 0003
253.76999 103.5574 0003
253.59563 106.42884 0003
253.39644 107.47276 0003
251.59529 110.4615 0003
249.37895 110.14557 0003
249.37895 110.14557 0003
249.37895 110.14557 0003
251.47267 109.52125 0003
249.24612 112.37125 0003
253.39644 107.47276 0003
253.59563 106.42884 0003
240.23094 108.546295 0003
240.23094 108.546295 0003
238.65639 108.60062 0003
238.65639 108.60062 0003
232.35178 108.778336 0003
232.62778 111.41518 0003
233.64331 110.5797 0003
233.64331 110.5797 0003
232.59483 112.33753 0003
228.29382 112.78607 0003
226.64352 111.21179 0003
224.62129 110.23303 0003
222.63052 111.80168 0003
225.86313 107.25403 0003
222.63052 111.80168 0003
222.63052 111.80168 0003
222.43486 112.56658 0003
219.45213 115.96812 0003
219.53651 117.375786 0003
215.5171 116.00493 0003
221.51004 117.36944 0003
221.51004 117.36944 0003
215.5171 116.00493 0003
210.40077 115.93585 0003
210.40077 115.93585 0003
207.54918 116.463326 0003
207.54918 116.463326 0003
204.52884 117.14818 0003
204.52884 117.14818 0003
202.5614 117.11667 0003
202.5614 117.11667 0003
200.5921 117.05147 0003
197.41376 115.84278 0003
198.59242 115.82252 0003
197.41376 115.84278 0003
195.4468 115.77629 0003
194.26845 115.746826 0003
194.56163 116.43251 0003
195.4468 115.77629 0003
194.26845 115.746826 0003
198.59242 115.82252 0003
198.59242 115.82252 0003
198.59242 115.82252 0003
193.48154 115.73375 0003
184.40195 116.382904 0003
184.40195 116.382904 0003
188.76738 115.97868 0003
184.40195 116.382904 0003
184.40195 116.382904 0003
184.40195 116.382904 0003
184.40195 116.382904 0003
183.40056 116.49095 0003
175.59195 115.73104 0003
173.56624 116.37155 0003
170.28926 125.64347 0003
170.23412 124.45729 0003
169.87805 122.48695 0003
169.87805 122.48695 0003
170.78192 104.39864 0003
170.76839 114.509224 0003
173.56624 116.37155 0003
169.84224 123.66867 0003
170.83736 101.64305 0003
170.84535 100.46222 0003
169.84224 123.66867 0003
170.92471 98.49701 0003
170.81999 103.218285 0003
170.78192 104.39864 0003
170.81999 103.218285 0003
170.78192 104.39864 0003
170.78192 104.39864 0003
170.83736 101.64305 0003
170.84535 100.46222 0003
170.99893 93.78177 0003
170.99893 93.78177 0003
170.99893 93.78177 0003
170.9772 90.63859 0003
171.20067 92.61474 0003
171.20067 92.61474 0003
171.20067 92.61474 0003
170.45107 84.33495 0003
170.45107 84.33495 0003
170.22969 83.55942 0003
169.25461 85.71179 0003
167.3023 82.597534 0003
167.3023 82.597534 0003
167.3023 82.597534 0003
167.3023 82.597534 0003
167.3023 82.597534 0003
163.33643 82.583435 0003
156.45757 82.38309 0003
158.63318 82.45156 0003
161.59822 82.51012 0003
156.45757 82.38309 0003
156.45757 82.38309 0003
155.49147 82.47278 0003
155.49147 82.47278 0003
152.34721 82.4223 0003
155.49147 82.47278 0003
152.34721 82.4223 0003
152.34721 82.4223 0003
152.34721 82.4223 0003
152.34721 82.4223 0003
152.34721 82.4223 0003
147.62694 82.43625 0003
139.7026 81.944466 0003
139.7026 81.944466 0003
141.27663 81.970726 0003
141.27663 81.970726 0003
136.5564 81.87429 0003
137.3404 81.95974 0003
141.27663 81.970726 0003
141.27663 81.970726 0003
136.5564 81.87429 0003
136.5564 81.87429 0003
134.3765 81.85433 0003
133.39394 81.79865 0003
133.39394 81.79865 0003
127.52742 80.68111 0003
124.39497 80.6176 0003
124.39497 80.6176 0003
125.56662 80.4941 0003
125.56662 80.4941 0003
125.56662 80.4941 0003
124.39497 80.6176 0003
126.35347 80.55763 0003
118.982956 83.83568 0003
118.982956 83.83568 0003
121.66433 82.53196 0003
121.964554 81.85658 0003
120.641014 82.76001 0003
117.50449 86.48735 0003
117.56932 85.72736 0003
117.56932 85.72736 0003
113.9922 92.719635 0003
114.39216 91.60759 0003
112.35381 102.75255 0003
112.43419 101.57587 0003
112.93204 97.312096 0003
112.43419 101.57587 0003
112.31301 103.53663 0003
112.31301 103.53663 0003
112.31301 103.53663 0003
112.31301 103.53663 0003
