117.43489 113.31887 0002
117.43489 113.31887 0002
117.43489 113.31887 0002
114.528915 109.49033 0002
113.151764 110.574265 0002
226.55267 111.43525 0002
226.55267 111.43525 0002
224.2163 109.51351 0002
224.1782 108.46528 0002
230.91502 76.83147 0002
230.91502 76.83147 0002
231.21384 73.3486 0002
231.21384 73.3486 0002
233.31992 106.46844 0002
233.10017 105.44527 0002
231.87689 103.427956 0002
232.5454 103.48225 0002
232.20393 105.51251 0002
230.8407 77.52521 0002
230.8407 77.52521 0002
230.8407 77.52521 0002
230.8407 77.52521 0002
231.90399 104.125694 0002
230.8407 77.52521 0002
230.8407 77.52521 0002
230.8407 77.52521 0002
230.8407 77.52521 0002
230.8407 77.52521 0002
232.38882 82.52452 0002
230.8407 77.52521 0002
233.01215 85.01544 0002
233.01215 85.01544 0002
230.8407 77.52521 0002
230.8407 77.52521 0002
230.8407 77.52521 0002
232.38882 82.52452 0002
232.38882 82.52452 0002
230.8407 77.52521 0002
233.31992 106.46844 0002
96.99231 153.64937 0002
96.99231 153.64937 0002
223.57175 116.36213 0002
223.57175 116.36213 0002
223.57175 116.36213 0002
223.57175 116.36213 0002
223.57175 116.36213 0002
223.57175 116.36213 0002
96.99231 153.64937 0002
197.61903 114.54556 0002
96.99231 153.64937 0002
223.57175 116.36213 0002
223.57175 116.36213 0002
223.57175 116.36213 0002
223.57175 116.36213 0002
223.57175 116.36213 0002
233.0819 93.59773 0002
227.38191 81.17662 0002
216.4047 115.359344 0002
117.43489 113.31887 0002
117.43489 113.31887 0002
117.43489 113.31887 0002
114.528915 109.49033 0002
113.151764 110.574265 0002
226.55267 111.43525 0002
226.55267 111.43525 0002
224.2163 109.51351 0002
224.1782 108.46528 0002
230.91502 76.83147 0002
230.91502 76.83147 0002
231.21384 73.3486 0002
231.21384 73.3486 0002
233.31992 106.46844 0002
233.10017 105.44527 0002
231.87689 103.427956 0002
232.5454 103.48225 0002
232.20393 105.51251 0002
230.8407 77.52521 0002
230.8407 77.52521 0002
230.8407 77.52521 0002
230.8407 77.52521 0002
231.90399 104.125694 0002
230.8407 77.52521 0002
230.8407 77.52521 0002
230.8407 77.52521 0002
230.8407 77.52521 0002
230.8407 77.52521 0002
232.38882 82.52452 0002
230.8407 77.52521 0002
233.01215 85.01544 0002
233.01215 85.01544 0002
230.8407 77.52521 0002
230.8407 77.52521 0002
230.8407 77.52521 0002
232.38882 82.52452 0002
232.38882 82.52452 0002
230.8407 77.52521 0002
233.31992 106.46844 0002
96.99231 153.64937 0002
96.99231 153.64937 0002
223.57175 116.36213 0002
223.57175 116.36213 0002
223.57175 116.36213 0002
223.57175 116.36213 0002
223.57175 116.36213 0002
223.57175 116.36213 0002
96.99231 153.64937 0002
197.61903 114.54556 0002
96.99231 153.64937 0002
223.57175 116.36213 0002
223.57175 116.36213 0002
223.57175 116.36213 0002
223.57175 116.36213 0002
223.57175 116.36213 0002
233.0819 93.59773 0002
227.38191 81.17662 0002
216.4047 115.359344 0002
147.42456 116.75049 0002
139.50705 116.80121 0002
143.59164 116.827484 0002
140.45787 116.65986 0002
145.48909 117.57988 0002
145.48909 117.57988 0002
140.45787 116.65986 0002
140.45787 116.65986 0002
140.45787 116.65986 0002
142.5464 116.78408 0002
147.56627 117.76527 0002
144.63786 116.83119 0002
150.63826 118.34212 0002
161.39336 105.359764 0002
140.45787 116.65986 0002
144.47241 118.239006 0002
112.66119 142.5653 0002
213.6397 115.5031 0002
145.68349 116.80704 0002
144.63786 116.83119 0002
147.56627 117.76527 0002
145.48909 117.57988 0002
145.48909 117.57988 0002
150.32364 119.133606 0002
158.7089 119.38116 0002
157.31891 118.46551 0002
157.31891 118.46551 0002
152.40732 119.26693 0002
158.72084 127.369095 0002
158.72084 127.369095 0002
148.6009 118.87579 0002
149.63094 119.0557 0002
107.35292 150.56892 0002
107.35292 150.56892 0002
191.64299 81.50601 0002
167.50052 118.47237 0002
156.50748 118.61144 0002
167.56111 120.57707 0002
157.31891 118.46551 0002
144.39474 90.24274 0002
151.36336 119.241486 0002
179.53159 83.11084 0002
173.48204 80.20311 0002
172.47374 80.48869 0002
145.68349 116.80704 0002
143.59164 116.827484 0002
142.5464 116.78408 0002
156.72589 89.5175 0002
156.49574 88.83612 0002
159.38942 92.29851 0002
158.3378 90.60661 0002
160.44997 92.54598 0002
160.0302 90.404945 0002
160.0302 90.404945 0002
159.38942 92.29851 0002
160.2525 93.47933 0002
157.43983 90.333374 0002
157.43983 90.333374 0002
157.43983 90.333374 0002
158.65054 89.384384 0002
160.0302 90.404945 0002
158.65054 89.384384 0002
158.65054 89.384384 0002
158.65054 89.384384 0002
156.49574 88.83612 0002
142.5464 116.78408 0002
157.94069 96.03386 0002
157.72054 94.66232 0002
156.51378 91.499146 0002
160.44997 92.54598 0002
160.33466 91.39797 0002
158.65054 89.384384 0002
164.79175 87.93517 0002
158.65054 89.384384 0002
165.15526 87.33624 0002
166.75075 85.485115 0002
191.64299 81.50601 0002
165.5861 86.7867 0002
165.15526 87.33624 0002
158.65054 89.384384 0002
158.65054 89.384384 0002
112.11895 150.32295 0002
114.57603 148.53705 0002
155.61562 88.57735 0002
158.65054 89.384384 0002
156.72589 89.5175 0002
164.50327 88.5724 0002
165.24963 90.04103 0002
165.24963 90.04103 0002
164.50327 88.5724 0002
165.24963 90.04103 0002
148.6009 118.87579 0002
159.47986 100.39689 0002
150.63826 118.34212 0002
151.36336 119.241486 0002
155.50018 118.79388 0002
217.47742 57.66243 0002
147.56996 118.70999 0002
151.36336 119.241486 0002
152.40732 119.26693 0002
152.40732 119.26693 0002
152.40732 119.26693 0002
152.40732 119.26693 0002
151.36336 119.241486 0002
152.35367 118.59821 0002
152.35367 118.59821 0002
162.59235 108.646255 0002
150.63826 118.34212 0002
150.63826 118.34212 0002
151.36336 119.241486 0002
150.32364 119.133606 0002
159.69191 139.42471 0002
158.7035 128.4276 0002
158.65921 130.53264 0002
158.7035 128.4276 0002
158.63994 125.527916 0002
151.31436 118.50758 0002
146.53664 118.56225 0002
166.33917 88.67268 0002
164.44116 90.60909 0002
158.60866 132.62917 0002
161.89413 99.63251 0002
170.44766 112.40121 0002
162.88084 101.50935 0002
150.63826 118.34212 0002
150.63826 118.34212 0002
150.32364 119.133606 0002
150.32364 119.133606 0002
150.32364 119.133606 0002
112.66119 142.5653 0002
148.6009 118.87579 0002
149.63094 119.0557 0002
148.6009 118.87579 0002
150.32364 119.133606 0002
